x,y,z,so3
1번

1.08536 0.0390459 -0.116914 1.20536 -1.38227 -1.32495
1.0916 0.0414569 -0.113275 1.1799 -1.39879 -1.3864
1.0961 0.0373415 -0.117959 1.23033 -1.42378 -1.29842
1.0742 0.0461163 -0.114631 1.17855 -1.31728 -1.37146
1.09383 0.0367431 -0.115853 1.19073 -1.42102 -1.34811
1.09065 0.0408272 -0.118477 1.14386 -1.38177 -1.38815
1.08506 0.0419569 -0.115011 1.20812 -1.38284 -1.3279
1.10121 0.0359816 -0.116624 1.19408 -1.46111 -1.35642
1.0827 0.0423393 -0.116209 1.17273 -1.36418 -1.36485
1.10623 0.0358824 -0.112913 1.20723 -1.45972 -1.34627
1.08561 0.0416008 -0.117771 1.20783 -1.37569 -1.32711
1.10195 0.0377774 -0.119137 1.18807 -1.46393 -1.35182
1.08278 0.0430692 -0.114474 1.17696 -1.36204 -1.36845
1.10592 0.034339 -0.113373 1.20326 -1.46162 -1.34324
1.08868 0.0395266 -0.117485 1.18029 -1.39122 -1.35186
1.07791 0.0413981 -0.117897 1.14698 -1.33808 -1.37642
1.10618 0.0357109 -0.112807 1.2057 -1.46045 -1.3451
1.07426 0.0435372 -0.116754 1.17753 -1.32708 -1.34247
1.09049 0.0401166 -0.118657 1.14549 -1.38099 -1.38952
1.08497 0.0411219 -0.115827 1.20731 -1.38326 -1.32722
1.10119 0.0357115 -0.117048 1.19315 -1.46154 -1.35571
1.08267 0.0421505 -0.11635 1.17188 -1.3646 -1.36413
1.10607 0.0344573 -0.114423 1.20115 -1.46263 -1.34163
1.09172 0.0380878 -0.117033 1.20198 -1.41312 -1.33485
1.08238 0.0386112 -0.11628 1.21128 -1.38249 -1.29892
1.08463 0.0433457 -0.113194 1.20645 -1.37485 -1.34164
1.09083 0.041875 -0.113495 1.1892 -1.39324 -1.37602
1.08195 0.0404772 -0.11718 1.18427 -1.37263 -1.34126
1.08852 0.0421402 -0.112062 1.25744 -1.40014 -1.29755
1.09059 0.0404301 -0.119586 1.14189 -1.3827 -1.38649

2번
1.03886 0.721127 -0.115236 1.5222 -0.956489 -0.85874
1.01972 0.713594 -0.116361 1.46429 -0.9026 -0.881711
1.0151 0.712705 -0.116224 1.40805 -0.884318 -0.918757
1.01388 0.711295 -0.116843 1.41422 -0.890705 -0.912255
1.03853 0.72178 -0.115023 1.52365 -0.954819 -0.860466
1.02048 0.712113 -0.117257 1.4612 -0.906196 -0.8777
1.01514 0.71262 -0.116404 1.40746 -0.884986 -0.91796
1.01225 0.711085 -0.112162 1.35359 -0.856251 -0.962783
1.02424 0.716166 -0.116437 1.42773 -0.925994 -0.92839
1.01925 0.712478 -0.114096 1.43648 -0.910201 -0.915629
1.02492 0.717886 -0.113161 1.43702 -0.925116 -0.927806
1.03368 0.719934 -0.115561 1.5008 -0.941859 -0.877752
1.01745 0.711349 -0.115375 1.4186 -0.883968 -0.930199
1.0152 0.712483 -0.116442 1.40711 -0.885378 -0.917492
1.02195 0.71708 -0.11682 1.42459 -0.904744 -0.923781
1.01023 0.711032 -0.116776 1.40225 -0.867396 -0.917024
1.01727 0.713287 -0.111823 1.40002 -0.884283 -0.944816
1.01058 0.710258 -0.114729 1.40499 -0.864241 -0.920816
1.01873 0.714926 -0.117714 1.41019 -0.892194 -0.927455
1.00552 0.707134 -0.118184 1.45413 -0.840824 -0.846007
1.01718 0.713495 -0.111774 1.40022 -0.884059 -0.945088
1.01035 0.710777 -0.114526 1.40621 -0.862829 -0.922511
1.0135 0.711902 -0.115495 1.4183 -0.883396 -0.918036
1.01683 0.710297 -0.11852 1.38301 -0.897439 -0.925527
1.02007 0.713575 -0.117018 1.44673 -0.902124 -0.890711
1.01658 0.710885 -0.117605 1.38517 -0.895062 -0.928443
1.0163 0.713377 -0.113843 1.45317 -0.877844 -0.895667
1.01174 0.710016 -0.117207 1.38785 -0.880623 -0.92489
1.01023 0.711032 -0.116776 1.40225 -0.867396 -0.917024
1.01422 0.707859 -0.115536 1.41302 -0.877012 -0.909473

3번
1.0584 -0.564631 -0.118692 0.901055 -1.70064 -1.68675
1.05561 -0.561129 -0.114674 0.938409 -1.6931 -1.66253
1.05636 -0.565111 -0.117167 0.882562 -1.68491 -1.71172
1.06438 -0.567946 -0.116711 0.899226 -1.71899 -1.69143
1.07238 -0.570689 -0.113601 0.947019 -1.77492 -1.65194
1.05732 -0.564165 -0.117994 0.912901 -1.69926 -1.67575
1.05294 -0.560263 -0.118255 0.898055 -1.67234 -1.70469
1.05561 -0.561129 -0.114674 0.938409 -1.6931 -1.66253
1.05833 -0.562563 -0.115171 0.891342 -1.68338 -1.71759
1.05552 -0.564514 -0.117142 0.938161 -1.71921 -1.63151
1.06281 -0.565114 -0.11542 0.924445 -1.72746 -1.66727
1.07202 -0.571135 -0.113574 0.947123 -1.7749 -1.65201
1.06039 -0.562491 -0.115807 0.955255 -1.7205 -1.64836
1.05712 -0.563467 -0.117608 0.932093 -1.7018 -1.6592
1.0622 -0.565925 -0.115664 0.924332 -1.72748 -1.6672
1.07291 -0.570171 -0.114459 0.946381 -1.77504 -1.65156
1.05519 -0.563287 -0.116842 0.892678 -1.68339 -1.70238
1.05745 -0.563069 -0.118172 0.933492 -1.70152 -1.66011
1.06215 -0.565948 -0.115301 0.929354 -1.72653 -1.67037
1.06557 -0.569715 -0.117499 0.921924 -1.74044 -1.66397
1.05942 -0.564746 -0.116717 0.915899 -1.7035 -1.67452
1.05523 -0.563231 -0.116785 0.893639 -1.68322 -1.70302
1.05775 -0.562545 -0.116962 0.933838 -1.70145 -1.66033
1.06113 -0.567465 -0.116954 0.915127 -1.72921 -1.66137
1.06553 -0.569775 -0.117615 0.92191 -1.74045 -1.66396
1.05994 -0.564004 -0.115955 0.92271 -1.7022 -1.67894
1.05559 -0.562718 -0.115297 0.896977 -1.68262 -1.70525
1.05689 -0.563817 -0.117968 0.929082 -1.70241 -1.65725
1.06127 -0.567256 -0.116689 0.920454 -1.72822 -1.66475
1.06543 -0.569905 -0.117637 0.92173 -1.74048 -1.66384

4번

0.953551 0.554758 -0.120091 1.34013 -0.990661 -1.02876
0.954155 0.55717 -0.118836 1.41954 -0.999472 -0.978629
0.946465 0.555115 -0.118322 1.33151 -0.9637 -1.02883
0.951317 0.559311 -0.11412 1.42363 -0.982461 -0.985466
0.954705 0.560396 -0.115809 1.39243 -0.994497 -1.00912
0.948365 0.558109 -0.115466 1.37172 -0.966021 -1.01823
0.945988 0.554531 -0.117955 1.36739 -0.968303 -1.00657
0.951374 0.561425 -0.114972 1.37559 -0.973767 -1.04168
0.959985 0.560376 -0.116697 1.39742 -1.01477 -1.01518
0.95904 0.56424 -0.108292 1.43143 -0.997666 -1.0178
0.949593 0.557264 -0.116766 1.37147 -0.969087 -1.01951
0.952633 0.55687 -0.118744 1.37738 -0.986238 -0.997602
0.950687 0.556591 -0.117355 1.40744 -0.972401 -0.98543
0.959926 0.563308 -0.113705 1.46011 -1.01421 -0.984036
0.953627 0.554488 -0.119462 1.34279 -0.988157 -1.03201
0.953593 0.558791 -0.118215 1.42401 -0.995005 -0.983862
0.958252 0.558939 -0.118198 1.39788 -1.00407 -1.00527
0.954831 0.561049 -0.114343 1.40229 -0.990939 -1.01686
0.946394 0.555424 -0.117474 1.33292 -0.962352 -1.0306
0.953643 0.554092 -0.123597 1.40539 -1.00076 -0.963855
0.955331 0.558737 -0.11888 1.39009 -0.996772 -1.00635
0.948382 0.558063 -0.115786 1.37216 -0.965589 -1.01877
0.946004 0.554502 -0.118615 1.36649 -0.969192 -1.00546
0.960895 0.563533 -0.114331 1.41759 -1.01004 -1.01336
0.951211 0.557245 -0.118355 1.39898 -0.987923 -0.994418
0.961856 0.560376 -0.11829 1.4145 -1.01907 -1.00386
0.952441 0.554815 -0.119189 1.39395 -0.985423 -0.992264
0.949484 0.557662 -0.117768 1.37123 -0.96932 -1.01922
0.952692 0.556684 -0.118795 1.3782 -0.985437 -0.998594
0.950687 0.556591 -0.117355 1.40744 -0.972401 -0.98543

5번
1.38866 -0.408577 -0.104279 0.859647 -1.49308 -1.7614
1.42368 -0.431992 -0.103992 0.900405 -1.65654 -1.71176
1.41628 -0.431884 -0.111557 0.896625 -1.63142 -1.68264
1.42325 -0.436025 -0.107232 0.92889 -1.69651 -1.64963
1.39843 -0.41881 -0.106393 0.938582 -1.55829 -1.6643
1.42953 -0.437353 -0.105971 0.871856 -1.71482 -1.73642
1.41137 -0.42601 -0.106539 0.816775 -1.58617 -1.80824
1.38215 -0.475451 -0.118235 0.910261 -1.63929 -1.6288
1.41635 -0.432453 -0.109472 0.88344 -1.63092 -1.69888
1.40988 -0.425987 -0.108948 0.958396 -1.62697 -1.62615
1.41954 -0.434657 -0.109322 0.920213 -1.66424 -1.65907
1.41649 -0.43218 -0.110286 0.907019 -1.63257 -1.68043
1.42341 -0.432565 -0.104324 0.996089 -1.73228 -1.58395
1.43541 -0.447956 -0.109447 0.930576 -1.77085 -1.62988
1.42998 -0.439379 -0.105357 0.96171 -1.72203 -1.62128
1.41614 -0.427908 -0.106792 0.97597 -1.63588 -1.61091
1.43179 -0.438948 -0.105172 0.991146 -1.72769 -1.59302
1.42815 -0.435439 -0.104172 0.94384 -1.69571 -1.66304
1.40813 -0.423964 -0.106062 0.91526 -1.58594 -1.68241
1.41564 -0.431719 -0.108306 0.915112 -1.63475 -1.67853
1.41426 -0.429131 -0.108503 0.949642 -1.64854 -1.63135
1.43113 -0.43699 -0.103428 0.96666 -1.72305 -1.63003
1.41935 -0.43403 -0.111266 0.902691 -1.65323 -1.67407
1.39718 -0.420606 -0.110419 0.926007 -1.56135 -1.65488
1.4102 -0.425569 -0.11009 0.933022 -1.62464 -1.64695
1.41294 -0.428559 -0.110274 0.937959 -1.63319 -1.64813
1.41601 -0.43289 -0.11056 0.879595 -1.63165 -1.69615
1.40979 -0.426091 -0.108169 0.961112 -1.62631 -1.62803
1.42054 -0.433086 -0.106568 0.92739 -1.66275 -1.66393
1.41729 -0.431034 -0.107249 0.915495 -1.63082 -1.68637
6번

0.786892 -0.807829 -0.12122 0.758837 -1.85989 -1.84728
0.793801 -0.822863 -0.123136 0.781342 -1.95898 -1.74523
0.786735 -0.807983 -0.121722 0.758125 -1.85992 -1.84687
0.793613 -0.823142 -0.123816 0.779758 -1.95907 -1.74441
0.785235 -0.809236 -0.122166 0.754089 -1.8601 -1.84454
0.794585 -0.821735 -0.120508 0.79003 -1.95848 -1.74971
0.770251 -0.792042 -0.122255 0.802876 -1.74101 -1.82044
0.787288 -0.80797 -0.118474 0.789144 -1.86814 -1.82595
0.767104 -0.795149 -0.124742 0.785681 -1.74267 -1.80932
0.782344 -0.802688 -0.122224 0.781564 -1.8452 -1.82554
0.778913 -0.80535 -0.124351 0.774427 -1.85829 -1.79307
0.780898 -0.802619 -0.120749 0.789246 -1.78276 -1.84137
0.780921 -0.802597 -0.120288 0.788452 -1.78283 -1.84088
0.788572 -0.810237 -0.1194 0.802243 -1.88818 -1.79333
0.780729 -0.804137 -0.12305 0.77211 -1.84579 -1.82004
0.779588 -0.804623 -0.122729 0.779165 -1.85798 -1.7958
0.794467 -0.811017 -0.114178 0.83816 -1.92997 -1.76211
0.792376 -0.813223 -0.11647 0.817774 -1.9316 -1.75148
0.780619 -0.802879 -0.121456 0.785427 -1.78306 -1.839
0.788979 -0.809881 -0.119362 0.797368 -1.88852 -1.79064
0.790242 -0.817789 -0.122744 0.806534 -1.93805 -1.72101
0.794923 -0.817987 -0.117662 0.804434 -1.95329 -1.76565
0.794989 -0.817829 -0.117068 0.810582 -1.9529 -1.7688
0.794467 -0.811017 -0.114178 0.83816 -1.92997 -1.76211
0.77963 -0.80459 -0.122771 0.779727 -1.85794 -1.79613
0.792432 -0.813218 -0.116723 0.822955 -1.9312 -1.75419
0.780524 -0.804339 -0.123473 0.771273 -1.84584 -1.81955
0.779143 -0.805137 -0.124216 0.775677 -1.85821 -1.79379
0.778822 -0.805474 -0.12489 0.77288 -1.85839 -1.79218
0.78873 -0.810032 -0.118792 0.803385 -1.8881 -1.79396
보류
7번
0.856753 0.939388 -0.113738 1.52408 -0.638379 -0.688745
0.858354 0.945246 -0.113604 1.55496 -0.66206 -0.694228
0.858602 0.93934 -0.115985 1.52832 -0.650131 -0.693455
0.859145 0.938466 -0.114067 1.48301 -0.662834 -0.71621
0.865054 0.946328 -0.11444 1.54481 -0.684125 -0.703944
0.856661 0.943208 -0.114543 1.53074 -0.649693 -0.697245
0.853602 0.934252 -0.117391 1.51674 -0.638827 -0.676005
0.857323 0.938757 -0.11662 1.55036 -0.664848 -0.670886
0.852381 0.937788 -0.114404 1.50151 -0.634714 -0.69995
0.854918 0.935403 -0.120166 1.4643 -0.651566 -0.706265
0.85579 0.938855 -0.114618 1.50186 -0.64939 -0.70734
0.866001 0.947291 -0.113918 1.53352 -0.68727 -0.71901
0.85967 0.942128 -0.116402 1.52322 -0.664135 -0.695667
0.861984 0.942048 -0.115172 1.51179 -0.675393 -0.712092
0.856034 0.941235 -0.113519 1.54125 -0.64063 -0.681067
0.864462 0.944681 -0.116198 1.52447 -0.683778 -0.705241
0.870607 0.949346 -0.114992 1.56309 -0.704597 -0.700689
0.866611 0.942095 -0.118791 1.56296 -0.701321 -0.665753
0.851341 0.934109 -0.117529 1.47034 -0.634226 -0.705583
0.860161 0.938233 -0.116716 1.52922 -0.663755 -0.680568
0.857879 0.938868 -0.114047 1.52808 -0.64767 -0.692104
0.858938 0.944637 -0.114224 1.55271 -0.665938 -0.69029
0.858885 0.939045 -0.116411 1.52753 -0.651493 -0.692032
0.85666 0.939486 -0.113614 1.52411 -0.638317 -0.68881
0.858386 0.945211 -0.113623 1.55604 -0.6602 -0.696115
0.856979 0.941014 -0.11599 1.48907 -0.653448 -0.711592
0.857238 0.936368 -0.116881 1.51533 -0.652023 -0.68369
0.85513 0.940337 -0.113587 1.49965 -0.640282 -0.714264
0.856106 0.938468 -0.114062 1.50173 -0.649602 -0.707111
0.866094 0.946635 -0.114206 1.55732 -0.693854 -0.701098
8번
0.993486 0.32337 -0.119768 1.52966 -0.915773 -0.824398
0.984917 0.327079 -0.116709 1.45979 -0.88309 -0.869336
0.984283 0.320175 -0.119914 1.41626 -0.865631 -0.881239
0.958369 0.339926 -0.0844859 1.46377 -0.765231 -0.901694
0.9798 0.323678 -0.118408 1.4557 -0.836142 -0.870313
0.975268 0.318932 -0.117726 1.4567 -0.829866 -0.838882
0.980357 0.32792 -0.113331 1.49086 -0.844644 -0.860651
0.988524 0.332155 -0.116298 1.49087 -0.87919 -0.874016
0.985958 0.321839 -0.123702 1.43462 -0.873886 -0.862506
0.987316 0.322633 -0.120054 1.45132 -0.893138 -0.858041
0.985984 0.319553 -0.11869 1.45958 -0.861565 -0.843244
0.970175 0.312772 -0.118031 1.46339 -0.802318 -0.819367
0.974654 0.318933 -0.118435 1.41394 -0.83039 -0.881526
0.982873 0.32521 -0.113089 1.45867 -0.859254 -0.869264
0.982041 0.320185 -0.119523 1.43417 -0.872171 -0.85486
0.984205 0.332309 -0.106701 1.553 -0.866402 -0.863174
0.964918 0.328396 -0.103833 1.43112 -0.807988 -0.852687
0.973945 0.319182 -0.118156 1.43374 -0.837747 -0.856
0.959622 0.337503 -0.0995855 1.50851 -0.756862 -0.888178
0.971186 0.311083 -0.118235 1.45827 -0.809101 -0.811763
0.971812 0.324499 -0.114288 1.42534 -0.816351 -0.898098
0.973589 0.323635 -0.113905 1.45212 -0.820822 -0.885374
0.971186 0.311083 -0.118235 1.45827 -0.809101 -0.811763
0.972288 0.325886 -0.109295 1.45919 -0.811859 -0.895545
0.997101 0.331154 -0.115448 1.51339 -0.911028 -0.861072
0.983131 0.326692 -0.113449 1.50614 -0.860721 -0.84256
0.971959 0.317237 -0.117944 1.48569 -0.806967 -0.827049
0.987758 0.322047 -0.122322 1.44783 -0.897248 -0.853396
0.976998 0.334555 -0.101093 1.4686 -0.85039 -0.85571
0.971083 0.326154 -0.113088 1.45407 -0.81157 -0.880218
9번
1.20468 -0.357407 -0.107887 0.731817 -1.87423 -1.86572
1.19907 -0.370259 -0.124069 0.675855 -1.91832 -1.80027
1.20308 -0.369019 -0.125041 0.673191 -1.92545 -1.80514
1.2048 -0.368746 -0.110088 0.686398 -1.91611 -1.86627
1.20807 -0.377081 -0.116792 0.69708 -1.98052 -1.78998
1.2134 -0.37218 -0.109748 0.664846 -1.92335 -1.90365
1.20608 -0.369847 -0.110731 0.715115 -1.94352 -1.82798
1.18495 -0.380984 -0.142356 0.599106 -1.8956 -1.84963
1.20232 -0.362135 -0.112565 0.723006 -1.9014 -1.8283
1.20847 -0.364466 -0.109227 0.727592 -1.92762 -1.8232
1.20514 -0.372326 -0.122314 0.657491 -1.93549 -1.83547
1.20653 -0.371559 -0.113452 0.674273 -1.91792 -1.86709
1.20505 -0.361038 -0.109054 0.6978 -1.88689 -1.8731
1.1373 -0.414229 -0.142143 0.483435 -1.88576 -1.73848
1.21023 -0.373715 -0.112484 0.726532 -1.98303 -1.79636
1.20532 -0.360565 -0.110242 0.703012 -1.87414 -1.89143
1.2071 -0.366957 -0.110878 0.713661 -1.92063 -1.85204
1.21306 -0.369578 -0.114515 0.742034 -1.96425 -1.78118
1.21815 -0.36285 -0.0910108 0.906258 -1.94701 -1.92057
1.20628 -0.372212 -0.116113 0.657364 -1.92509 -1.87017
1.20317 -0.367053 -0.112713 0.70984 -1.92166 -1.83732
1.20405 -0.358824 -0.11309 0.729118 -1.88681 -1.85747
1.20309 -0.363388 -0.113201 0.703193 -1.89691 -1.84102
1.20471 -0.369261 -0.117996 0.681924 -1.92087 -1.83453
1.20899 -0.3589 -0.109681 0.729676 -1.90694 -1.846
1.20792 -0.374721 -0.115683 0.668666 -1.94094 -1.84454
1.20485 -0.363532 -0.115001 0.686853 -1.90239 -1.85781
1.20855 -0.372843 -0.117113 0.694856 -1.95573 -1.81353
1.20843 -0.370654 -0.114833 0.666292 -1.92522 -1.87512
1.20327 -0.367119 -0.114426 0.705985 -1.92172 -1.83521
10번
1.00106 0.778037 -0.117788 1.23928 -1.25066 -1.22712
1.00551 0.786242 -0.106756 1.2994 -1.2397 -1.25231
0.99259 0.777559 -0.127208 1.24353 -1.22023 -1.186
0.988959 0.785907 -0.103465 1.29034 -1.17646 -1.24192
1.00441 0.778411 -0.118873 1.26492 -1.27285 -1.22699
1.00478 0.718858 -0.121884 1.13231 -1.33045 -1.12312
0.980655 0.750137 -0.174307 1.05612 -1.27464 -1.08757
0.992281 0.780995 -0.119347 1.27751 -1.19736 -1.2192
1.00707 0.78306 -0.119528 1.25743 -1.25624 -1.23933
0.994941 0.772359 -0.117438 1.25132 -1.21305 -1.23451
0.99243 0.778131 -0.122589 1.25386 -1.21336 -1.19609
0.992564 0.776506 -0.125951 1.24618 -1.21847 -1.18859
0.984328 0.801841 -0.0878898 1.26863 -1.17279 -1.24556
1.00063 0.7689 -0.0688597 1.33767 -1.22513 -1.29318
0.98233 0.786347 -0.110118 1.2455 -1.15928 -1.28078
1.00822 0.786172 -0.110749 1.29154 -1.2501 -1.24984
0.995253 0.780595 -0.115944 1.31262 -1.21513 -1.20741
0.988439 0.784159 -0.11067 1.26891 -1.17857 -1.23562
1.00486 0.71578 -0.125749 1.12035 -1.33702 -1.112
0.982327 0.781015 -0.109076 1.23387 -1.16708 -1.26892
0.981669 0.76415 -0.133716 1.21552 -1.17919 -1.25021
0.996817 0.782486 -0.11783 1.27278 -1.22517 -1.22579
0.987482 0.782751 -0.114955 1.29326 -1.18642 -1.20725
1.00388 0.772792 -0.122269 1.24949 -1.27016 -1.20757
1.01852 0.762981 -0.13812 1.23657 -1.29831 -1.24251
1.00147 0.780996 -0.112911 1.28388 -1.24776 -1.20831
0.985366 0.817737 -0.0260339 1.44133 -1.04144 -1.42337
0.999793 0.777863 -0.114893 1.27312 -1.23109 -1.23678
1.00039 0.791489 -0.0653904 1.3809 -1.1778 -1.31629
0.994938 0.768826 -0.116362 1.23835 -1.2256 -1.22672
11번
1.10161 0.514557 -0.142215 1.38125 -0.733799 -0.412745
1.06404 0.565374 -0.124146 1.55394 -0.576121 -0.592508
1.05875 0.559073 -0.121498 1.5015 -0.563034 -0.623116
1.06624 0.56341 -0.124841 1.54354 -0.596913 -0.571314
1.04673 0.574177 -0.104217 1.61799 -0.451182 -0.690608
1.05734 0.555556 -0.118472 1.48987 -0.564099 -0.600897
1.04064 0.57714 -0.135918 1.49844 -0.572125 -0.620489
1.04831 0.567257 -0.0999308 1.53355 -0.519553 -0.660466
1.04936 0.555481 -0.12087 1.51759 -0.538103 -0.577049
1.0779 0.545061 -0.173318 1.42817 -0.722451 -0.444595
1.05717 0.566683 -0.128016 1.53789 -0.591394 -0.55687
1.12773 0.516848 -0.220541 1.33976 -0.979409 -0.118117
1.06391 0.56677 -0.11403 1.53775 -0.592418 -0.596398
1.07809 0.549061 -0.146459 1.43466 -0.735082 -0.438613
1.05823 0.561409 -0.118667 1.49415 -0.581873 -0.59448
1.07562 0.555147 -0.161256 1.49135 -0.758362 -0.37857
1.0534 0.563876 -0.112191 1.55333 -0.570572 -0.576866
1.04565 0.552731 -0.106098 1.48054 -0.504992 -0.632535
1.04372 0.554545 -0.104315 1.4868 -0.491548 -0.647325
1.05184 0.564071 -0.109404 1.52018 -0.547289 -0.631334
1.0466 0.557809 -0.116922 1.52053 -0.53187 -0.583625
1.07397 0.544096 -0.163984 1.40026 -0.761051 -0.395382
1.04628 0.558064 -0.115164 1.52287 -0.526858 -0.588901
1.05836 0.562419 -0.114848 1.51281 -0.569878 -0.611755
1.0559 0.562912 -0.119506 1.50749 -0.581647 -0.600603
1.04912 0.566851 -0.138754 1.4301 -0.695918 -0.475345
1.04629 0.551953 -0.109859 1.48076 -0.504526 -0.633049
1.05289 0.563143 -0.113007 1.50484 -0.577967 -0.598735
1.04586 0.558421 -0.115074 1.52307 -0.526437 -0.589344
1.05691 0.566181 -0.116394 1.56193 -0.575704 -0.568234
12번
0.793712 0.754974 -0.148517 1.12692 -1.24696 -1.05648
0.7866 0.824566 -0.123155 1.26547 -1.15832 -1.18264
0.790837 0.799947 -0.116756 1.30535 -1.15032 -1.1909
0.784752 0.82904 -0.125709 1.27217 -1.153 -1.16743
0.783135 0.825366 -0.125072 1.2623 -1.14874 -1.16547
0.792447 0.835365 -0.113204 1.28576 -1.1586 -1.22623
0.782198 0.841064 -0.109199 1.27717 -1.11129 -1.22988
0.775335 0.829191 -0.121683 1.27413 -1.11528 -1.18126
0.783446 0.821403 -0.12734 1.24464 -1.16138 -1.14703
0.800133 0.804299 -0.127228 1.26718 -1.19542 -1.20563
0.780746 0.822906 -0.127285 1.24177 -1.14437 -1.16969
0.78914 0.841172 -0.112837 1.29407 -1.1349 -1.22817
0.797649 0.797529 -0.150949 1.21327 -1.23818 -1.12164
0.786737 0.804511 -0.139499 1.2426 -1.16239 -1.1674
0.784705 0.828862 -0.122431 1.24576 -1.14168 -1.2083
0.791409 0.790269 -0.135923 1.1669 -1.23324 -1.07752
0.785696 0.837003 -0.111712 1.27987 -1.13789 -1.20882
0.786403 0.82827 -0.125156 1.26575 -1.15812 -1.18293
0.775321 0.829465 -0.1205 1.27667 -1.11338 -1.18398
0.782987 0.822649 -0.126327 1.24623 -1.15446 -1.16064
0.787962 0.826944 -0.123488 1.26879 -1.15708 -1.1955
0.788034 0.844147 -0.0781693 1.3041 -1.06488 -1.33596
0.793474 0.83008 -0.12219 1.24942 -1.17698 -1.20551
0.785499 0.829107 -0.114676 1.28152 -1.13382 -1.19925
0.784238 0.830102 -0.124702 1.23985 -1.14443 -1.20942
0.788422 0.833196 -0.122922 1.26845 -1.15084 -1.19611
0.79032 0.828224 -0.122637 1.25163 -1.15389 -1.21832
0.779296 0.838359 -0.113556 1.28645 -1.10866 -1.20935
0.789595 0.826951 -0.123545 1.27096 -1.15929 -1.17903
0.788484 0.805766 -0.1411 1.19823 -1.18789 -1.14283
13번
0.958468 0.145767 -0.0742723 1.50929 -0.679619 -0.969671
0.992705 0.110884 -0.110995 1.46178 -0.813645 -0.89551
0.991758 0.105364 -0.105787 1.47489 -0.814788 -0.862409
1.00679 0.108039 -0.118574 1.50278 -0.868754 -0.832261
0.972949 0.120575 -0.0967108 1.45718 -0.753622 -0.887396
0.992261 0.104668 -0.149114 1.29083 -0.977227 -0.691332
0.994578 0.10712 -0.130469 1.43929 -0.862753 -0.832328
0.997561 0.107728 -0.116643 1.47049 -0.844529 -0.859833
0.998022 0.106979 -0.117736 1.46681 -0.849141 -0.854705
0.997659 0.107457 -0.115896 1.47195 -0.842697 -0.861865
1.00105 0.121563 -0.118146 1.46825 -0.897633 -0.840769
0.994543 0.101244 -0.116357 1.46248 -0.830745 -0.844636
1.00787 0.106167 -0.119331 1.49537 -0.878029 -0.82235
1.00102 0.0987945 -0.123094 1.45564 -0.877194 -0.813078
0.994083 0.105327 -0.117563 1.47935 -0.795236 -0.892851
1.00686 0.107957 -0.118874 1.50255 -0.869042 -0.831954
0.99541 0.0964379 -0.131935 1.39742 -0.858751 -0.831872
1.00602 0.109186 -0.117189 1.51186 -0.857251 -0.844468
1.00554 0.10947 -0.123016 1.46404 -0.885767 -0.85845
0.99027 0.0904295 -0.127188 1.41287 -0.811985 -0.819725
0.99195 0.10552 -0.113329 1.4523 -0.825108 -0.864731
0.995622 0.109967 -0.120587 1.4443 -0.885145 -0.804473
0.977979 0.122295 -0.0894728 1.46337 -0.778391 -0.888149
0.99739 0.107842 -0.114815 1.47376 -0.840425 -0.864382
0.997582 0.107704 -0.116773 1.47006 -0.845067 -0.859235
0.997618 0.107641 -0.116824 1.47025 -0.844839 -0.859489
0.991566 0.124847 -0.120617 1.53879 -0.770777 -0.942384
1.00241 0.0794548 -0.127593 1.40224 -0.856088 -0.798194
0.997582 0.107704 -0.116773 1.47006 -0.845067 -0.859235
0.984144 0.125295 -0.0957056 1.45317 -0.822681 -0.896366
14번
1.02603 -0.845856 -0.122992 0.627518 -2.01175 -1.85295
1.02276 -0.841089 -0.122189 0.610562 -1.95536 -1.90661
1.02813 -0.838632 -0.118936 0.648985 -1.95985 -1.90405
1.02375 -0.837348 -0.120946 0.630926 -1.95089 -1.90449
1.02595 -0.842834 -0.120073 0.594711 -1.95305 -1.93947
1.0296 -0.847196 -0.123583 0.569256 -1.97107 -1.95197
1.03087 -0.847545 -0.117339 0.591444 -1.98096 -1.94081
1.02811 -0.842291 -0.117868 0.602017 -1.96969 -1.93599
1.01619 -0.826817 -0.120493 0.644203 -1.90445 -1.90393
1.03085 -0.850906 -0.118373 0.61523 -2.02109 -1.88442
1.02692 -0.847393 -0.121488 0.607889 -2.00667 -1.86409
1.02621 -0.836946 -0.118418 0.606369 -1.92843 -1.95843
1.02977 -0.847203 -0.122253 0.608039 -1.99802 -1.89089
1.03344 -0.850971 -0.117837 0.597878 -2.0138 -1.9079
1.03147 -0.845003 -0.118414 0.604794 -1.97095 -1.94481
1.03658 -0.854311 -0.114438 0.623208 -2.04923 -1.8916
1.03095 -0.851058 -0.12001 0.623903 -2.03255 -1.84503
1.03876 -0.859284 -0.112822 0.601416 -2.05896 -1.90917
1.02715 -0.845328 -0.121726 0.582576 -1.96037 -1.94597
1.02912 -0.847953 -0.12074 0.604911 -2.0082 -1.90066
1.02683 -0.843367 -0.120053 0.614151 -1.97336 -1.9104
1.03658 -0.857105 -0.115648 0.627296 -2.0527 -1.87618
1.03333 -0.851808 -0.116824 0.628621 -2.04099 -1.87676
1.01897 -0.833856 -0.123313 0.612241 -1.91803 -1.91344
1.03511 -0.856144 -0.118256 0.619939 -2.07307 -1.85294
1.02942 -0.847365 -0.120975 0.581375 -1.97444 -1.9363
1.03059 -0.849517 -0.120271 0.598724 -2.0052 -1.91769
1.02742 -0.846807 -0.120203 0.595716 -1.97997 -1.92326
1.02709 -0.839251 -0.118264 0.644759 -1.9597 -1.90179
1.03456 -0.857882 -0.120798 0.589253 -2.04322 -1.89061
